
===== PDF PAGE 208 =====

  日本語の能力試験                 N2-5                     解答
  問題 1      5x1(5d)


      1            2           3          4           5
      2            2           3          1           3

  問題 2       5x1(5d)

      6            7           8          9          10
      1            4           2          4           3
  問題 3          5x2(10d)

     11           12          13          14         15
      3            4           1          3           1
  問題 4           7x3(21d)

     16           17          18          19         20         21       22
      1            2           2          2           3         1         2
  問題 5            5x2(10d)

     23           24          25          26         27
      1            3           1          3           4


  問題 6             5x3(15d)

     28           29          30          31         32
      4            3           2          3           3
  問題 7             12x3(36d)



     33           34          35          36         37          38
      3            1           3           1          1           2
     39           40          41          42         43          44
      2            1           3           1          2           3

===== PDF PAGE 209 =====

  問題 8               5x3(15d)

      45           46          47          48          49
      4            1            1           2          3


  問題 9            5x3(15d)

      50           51          52          53          54
      1            3            4           2          4


  問題 10              5x3(15d)

      55          56          57           58          59
      3            2           2            1          1
  問題 11                9x3(27d)

     60         61         62         63        64         65        66         67        68
      1         4          3           4         4         2          1         4          1


  問題 12             2x3(6d)

     69         70
      1         2


  問題 13                 3x4(12d)



     71         72         73
      2         1          3

  問題 14                2x4(8d)

     74         75
      3         2